43.07664 97.23455 58.51814 75.96294 52.63695
51.31791 80.144 58.18 75.21796 106.8479
55.65371 60.39763 59.63674 77.1789 50.52387
51.971 45.71371 56.93958 44.87787 70.62922
57.48342 46.70249 75.64905 51.88389 53.02636
43.71504 87.871 62.84324 52.95038 67.63847
60.27087 58.57035 64.86344 53.80828 55.05786
49.55149 44.80669 65.80637 65.90158 43.62458
51.9532 66.59008 58.4821 54.24614 64.3808
68.07719 47.34402 54.63787 54.2314 67.09723
49.23435 53.50631 63.53081 55.13196 58.11955
45.32813 73.53634 46.95549 53.08266 67.02399
56.85996 58.86806 40.39421 46.72693 48.5274
55.39916 60.60385 63.5603 59.3265 44.8241
47.37771 41.07645 44.53453 86.86174 62.59335
47.3468 49.43819 42.40742 72.10934 56.44645
53.1322 51.45698 47.17587 73.63234 79.21674
52.00648 51.20191 50.99385 47.7214 51.54699
59.66403 61.56477 64.20281 64.01434 49.00223
90.02299 59.18206 53.46917 53.48023 51.06107
46.24565 65.39173 51.49646 43.47309 49.50237
60.45256 53.39915 61.26419 70.10205 50.00957
54.62225 40.00417 40.07203 57.96969 59.81793
49.50011 49.22615 55.40676 104.5329 65.39475
53.52023 49.19617 58.4564 47.83271 61.75811
57.39311 71.8086 54.57167 51.34253 53.69045
51.8857 60.50104 50.42809 46.54635 44.3901
52.06932 72.40194 50.5214 50.61539 70.35235
68.909 47.14 86.33562 48.40371 53.07579
66.98477 53.4236 53.84969 41.68489 45.88663
66.78901 56.70583 53.95475 58.68 45.62281
57.95203 60.0857 54.34796 58.55363 56.00376
42.54797 69.17699 51.08669 64.4697 49.36544
50.10835 52.31772 47.57298 48.68058 56.02614
73.00028 51.96631 47.30892 56.37465 50.42927
72.72406 77.29843 42.98434 48.86606 50.71794
59.62251 42.3131 72.62657 58.1939 63.32835
50.50181 46.05911 54.52732 39.00196 58.9695
40.57395 55.33133 47.51691 51.77691 46.58407
49.246 70.13383 53.33281 54.34057 60.0004
